pozytywne/1660293597.3550165.jpg 4 794 272 76 121 460 34 91 143 274 33 111 146 816 30 80 146
pozytywne/1660293598.2978241.jpg 4 276 33 110 141 458 35 96 139 814 21 86 152 799 276 65 118
pozytywne/1660293599.903382.jpg 4 274 33 112 145 458 32 95 142 821 30 76 148 797 277 74 117
pozytywne/1660293600.6672246.jpg 4 276 35 107 141 461 32 89 142 810 25 89 153 800 279 72 116
pozytywne/1660293601.4143474.jpg 4 279 33 104 143 457 32 99 143 820 30 76 142 795 278 73 115
pozytywne/1660293602.0129724.jpg 4 278 35 107 143 458 35 95 143 818 28 76 144 793 278 80 114
pozytywne/1660293602.5831604.jpg 4 277 37 109 137 459 34 99 143 818 29 78 144 800 277 70 118
pozytywne/1660293603.305343.jpg 4 278 35 108 142 456 32 97 148 816 28 80 145 797 278 76 116
pozytywne/1660293603.9003725.jpg 3 277 35 106 142 460 34 92 143 817 31 79 142
pozytywne/1660293604.546419.jpg 4 280 35 104 142 460 30 92 143 817 30 79 143 797 275 70 120
pozytywne/1660293605.2828715.jpg 2 276 34 111 141 457 32 98 146
pozytywne/1660293605.9150474.jpg 4 268 27 129 156 795 278 82 118 808 26 97 149 444 27 114 149
pozytywne/1660293606.635422.jpg 4 273 33 115 147 453 33 100 146 809 25 90 152 797 274 78 120
pozytywne/1660293610.7286313.jpg 4 411 46 63 99 513 49 63 107 759 54 80 132 735 262 65 112
pozytywne/1660293611.1319773.jpg 4 413 43 57 105 517 49 57 108 763 58 69 127 733 260 63 109
pozytywne/1660293611.5021482.jpg 4 417 43 50 105 513 48 61 106 760 56 75 128 729 262 73 112
pozytywne/1660293611.8105342.jpg 4 416 41 54 108 515 44 57 116 764 56 71 133 733 257 67 124
pozytywne/1660293612.1656942.jpg 4 415 39 61 112 514 44 60 118 758 52 80 135 734 256 65 122
pozytywne/1660293612.3972309.jpg 4 414 41 57 105 514 47 62 111 762 53 73 141 733 258 65 122
pozytywne/1660293612.6855285.jpg 4 416 38 53 109 513 45 65 118 763 62 72 122 731 258 65 118
pozytywne/1660293612.9226394.jpg 4 416 43 53 104 514 48 63 111 762 55 70 133 730 255 72 122
pozytywne/1660293613.093226.jpg 4 415 37 52 107 512 46 64 114 763 57 71 135 733 258 66 119
pozytywne/1660293616.9683387.jpg 4 284 28 115 162 464 35 104 146 819 33 90 145 805 281 78 117
pozytywne/1660293617.1608322.jpg 4 279 38 122 149 462 29 108 159 825 29 84 150 800 274 84 125
pozytywne/1660293617.5624146.jpg 3 282 35 117 150 462 32 105 152 824 29 85 153
pozytywne/1660293617.783556.jpg 4 288 36 106 146 461 35 105 150 821 34 83 145 803 278 79 119
pozytywne/1660293617.9823465.jpg 4 282 34 113 147 467 36 100 144 822 31 82 151 805 276 78 123
pozytywne/1660293618.1967726.jpg 4 281 34 116 151 458 33 104 147 819 32 93 155 797 278 91 120
pozytywne/1660293618.39225.jpg 4 280 33 120 150 464 32 103 153 828 28 82 152 796 279 88 119
pozytywne/1660293620.2677042.jpg 3 421 71 114 121 665 56 67 92 701 220 46 80
pozytywne/1660293620.4631855.jpg 0
pozytywne/1660293620.658664.jpg 3 437 74 89 116 667 47 60 104 698 223 48 75
pozytywne/1660293620.8312032.jpg 3 426 74 105 120 669 45 60 104 691 213 58 90
pozytywne/1660293620.9977572.jpg 3 430 70 90 116 667 49 64 103 691 214 61 88
pozytywne/1660293621.159831.jpg 3 433 71 93 120 670 47 63 105 692 213 53 91
pozytywne/1660293621.320739.jpg 3 435 71 102 128 674 49 56 103 694 214 55 95
pozytywne/1660293621.4734428.jpg 3 438 68 90 126 668 49 62 99 698 214 52 85
pozytywne/1660293621.6250927.jpg 3 439 73 88 124 671 52 59 98 698 217 52 89
pozytywne/1660294608.1244724.jpg 4 433 98 73 114 563 101 78 110 697 287 71 101 946 463 63 94
pozytywne/1660294608.5912716.jpg 2 436 105 68 102 569 106 63 100
pozytywne/1660294609.0751238.jpg 4 701 290 59 96 954 472 50 76 570 103 61 104 430 102 74 102
pozytywne/1660294609.4925628.jpg 4 435 102 65 104 569 103 70 108 706 292 60 98 944 458 66 96
pozytywne/1660294609.9326727.jpg 4 433 104 71 109 570 102 69 110 701 292 61 91 944 465 62 88
pozytywne/1660294610.328613.jpg 4 434 106 67 102 568 102 67 109 704 291 59 95 941 466 66 86
pozytywne/1660294610.7325428.jpg 4 435 107 69 103 569 100 66 105 701 293 65 91 948 463 58 91
pozytywne/1660294611.7537937.jpg 4 433 105 73 105 566 104 71 106 703 290 62 97 950 465 58 89
pozytywne/1660294612.0999238.jpg 4 430 100 74 109 576 108 61 103 703 291 61 93 947 466 63 81
pozytywne/1660300818.3245966.jpg 4 577 163 49 77 786 163 50 76 780 307 41 71 766 429 45 69
pozytywne/1660300818.939418.jpg 4 571 158 59 87 781 157 61 87 773 305 49 71 769 432 41 64
pozytywne/1660300819.1977274.jpg 4 571 158 59 82 774 159 65 84 774 303 49 76 764 428 48 69
pozytywne/1660300823.8160663.jpg 2 444 257 149 185 1008 261 112 185
pozytywne/1660300824.1943247.jpg 2 443 263 147 180 1008 258 116 186
pozytywne/1660300824.4286966.jpg 2 449 263 143 181 1001 256 124 194
pozytywne/1660300828.4803588.jpg 4 581 104 57 106 714 71 32 82 723 212 19 72 721 331 25 57
pozytywne/1660300829.0388672.jpg 3 586 106 51 100 716 74 27 76 721 212 24 69
pozytywne/1660300834.0682123.jpg 0
pozytywne/1660300840.2239418.jpg 4 512 124 67 89 741 115 58 88 735 270 50 76 732 398 47 67
pozytywne/1660300840.5004199.jpg 4 514 123 64 91 744 118 59 90 743 271 43 72 730 397 45 65
pozytywne/1660300845.9890647.jpg 2 517 483 79 106 731 423 37 101
pozytywne/1660306805.7979133.jpg 3 596 281 43 71 785 140 52 77 891 140 46 78
pozytywne/1660306805.855444.jpg 2 792 141 46 78 892 141 43 74
pozytywne/1660306805.87938.jpg 2 787 139 49 81 893 144 37 71
pozytywne/1660306805.9023495.jpg 2 782 135 54 89 882 139 56 78
pozytywne/1660306805.9242606.jpg 2 781 139 57 84 876 136 61 85
pozytywne/1660306805.9481914.jpg 2 787 137 50 87 880 136 56 80
pozytywne/1660306805.969138.jpg 2 784 139 58 83 883 134 55 92
pozytywne/1660306805.9900818.jpg 2 786 139 55 81 884 140 55 80
pozytywne/1660306806.0130177.jpg 2 785 139 51 85 883 140 53 80
pozytywne/1660306806.0339618.jpg 2 783 135 55 85 887 136 50 91
pozytywne/1660306806.0559025.jpg 2 781 144 57 82 877 138 61 85
pozytywne/1660306806.0818346.jpg 2 782 135 56 87 885 141 51 77
pozytywne/1660306806.103775.jpg 2 780 137 62 87 883 139 55 86
pozytywne/1660306806.124723.jpg 2 784 134 58 90 876 137 61 91
pozytywne/1660306806.1466596.jpg 2 780 136 59 85 885 137 57 89
pozytywne/1660306806.170596.jpg 2 782 136 59 88 878 136 59 84
pozytywne/1660306806.192568.jpg 2 777 136 61 85 883 141 55 77
pozytywne/1660306806.215475.jpg 2 782 140 61 84 878 137 61 89
pozytywne/1660306806.2374163.jpg 2 780 134 59 96 883 137 53 84
pozytywne/1660306806.2593615.jpg 2 781 133 55 87 881 143 57 76
pozytywne/1660306806.280302.jpg 2 784 139 55 84 875 141 62 78
pozytywne/1660306806.3022473.jpg 2 782 135 58 87 878 135 60 87
pozytywne/1660306806.329174.jpg 2 780 138 63 84 883 139 53 80
pozytywne/1660306806.3521183.jpg 2 778 135 61 89 880 139 56 80
pozytywne/1660306806.3750544.jpg 2 778 138 63 84 885 134 52 87
pozytywne/1660306806.3999827.jpg 2 781 138 66 84 884 134 52 86
pozytywne/1660306806.4249148.jpg 2 783 140 55 84 881 142 56 80
pozytywne/1660306806.4498487.jpg 2 776 136 66 84 883 142 53 82
pozytywne/1660306806.4777753.jpg 2 784 140 54 78 880 137 57 81
pozytywne/1660306806.5037048.jpg 2 782 141 57 81 876 136 62 88
pozytywne/1660306806.5266438.jpg 2 785 137 55 88 883 140 55 83
pozytywne/1660306806.5505795.jpg 2 781 137 62 87 882 137 56 88
pozytywne/1660306806.5795019.jpg 1 780 137 60 83
pozytywne/1660306806.6064699.jpg 2 780 138 59 86 883 135 55 90
pozytywne/1660306806.6324115.jpg 2 779 132 62 96 883 138 58 89
pozytywne/1660306806.6583412.jpg 2 784 139 57 84 880 136 60 94
pozytywne/1660306806.6812794.jpg 2 777 140 65 82 887 139 50 83
pozytywne/1660306806.7062125.jpg 2 783 139 57 84 881 138 59 85
pozytywne/1660306806.7301517.jpg 2 782 141 57 78 883 140 52 81
pozytywne/1660306806.7550821.jpg 2 784 138 56 84 881 138 60 83
pozytywne/1660306806.776026.jpg 2 782 140 58 83 880 137 54 84
pozytywne/1660306806.8009603.jpg 2 782 137 57 88 881 137 56 85
pozytywne/1660306806.8288858.jpg 2 783 137 58 87 880 136 59 84
pozytywne/1660306806.854818.jpg 2 783 137 55 80 883 139 56 87
pozytywne/1660306806.8777542.jpg 2 783 135 58 92 880 134 58 87
pozytywne/1660306806.9006946.jpg 2 787 141 52 79 885 136 49 85
pozytywne/1660306806.9266245.jpg 2 786 135 55 89 885 138 49 81
pozytywne/1660306806.9545496.jpg 2 783 137 59 82 884 138 49 77
pozytywne/1660306806.9834733.jpg 2 791 138 58 85 893 147 50 74
pozytywne/1660306807.0074077.jpg 2 806 139 61 80 910 139 55 82
pozytywne/1660306807.0343366.jpg 2 801 138 55 85 894 140 55 79
pozytywne/1660306807.0692415.jpg 2 807 140 52 82 895 137 51 86
pozytywne/1660306807.0951731.jpg 2 815 147 52 79 911 141 35 81
pozytywne/1660306807.1191082.jpg 2 808 147 45 78 891 143 45 76
pozytywne/1660306807.149635.jpg 2 802 145 48 75 884 140 48 81
pozytywne/1660306807.1745675.jpg 2 794 143 49 82 877 143 42 72
pozytywne/1660306807.2014961.jpg 2 789 148 41 70 871 141 37 75
pozytywne/1660306807.2254326.jpg 2 789 148 46 69 873 146 37 71
pozytywne/1660306807.2520397.jpg 2 797 145 41 80 877 144 32 68
pozytywne/1660306807.2789686.jpg 2 793 146 40 73 875 146 30 66
pozytywne/1660306807.3039017.jpg 2 785 145 44 74 869 146 32 66
pozytywne/1660306807.331826.jpg 2 786 148 40 68 864 142 31 70
pozytywne/1660306807.3557627.jpg 2 788 147 38 76 866 142 35 71
pozytywne/1660306807.382692.jpg 2 800 145 50 72 880 146 40 66
pozytywne/1660306807.4086218.jpg 2 823 145 41 72 902 139 32 79
pozytywne/1660306807.4375448.jpg 2 824 143 48 77 909 148 37 66
pozytywne/1660306807.4624772.jpg 2 838 150 44 67 916 149 40 65
pozytywne/1660306807.48741.jpg 2 835 145 50 79 924 150 36 71
pozytywne/1660306807.5113518.jpg 2 850 153 40 73 933 149 30 71
pozytywne/1660306807.5352814.jpg 2 848 148 55 81 937 155 36 65
pozytywne/1660306807.5592191.jpg 2 852 150 47 77 931 151 43 70
pozytywne/1660306807.583155.jpg 2 860 155 40 71 936 152 31 73
pozytywne/1660306807.6090863.jpg 2 861 151 40 79 930 147 43 77
pozytywne/1660306807.6340184.jpg 2 857 148 48 85 932 147 43 71
pozytywne/1660306807.6589537.jpg 2 861 155 46 75 944 156 35 72
pozytywne/1660306807.6828878.jpg 2 865 149 43 86 939 151 42 74
pozytywne/1660306807.7048273.jpg 2 866 157 41 78 943 149 37 79
pozytywne/1660306807.7297626.jpg 2 858 156 40 74 938 152 41 75
pozytywne/1660306807.752706.jpg 2 847 149 40 85 919 148 42 72
pozytywne/1660306807.7766361.jpg 2 828 155 44 71 903 153 51 70
pozytywne/1660306807.7995765.jpg 2 816 150 42 81 902 155 34 71
pozytywne/1660306807.8284974.jpg 2 799 157 48 80 889 156 36 75
pozytywne/1660306807.8514357.jpg 2 791 155 47 76 881 154 41 74
pozytywne/1660306807.8743749.jpg 2 786 157 49 72 876 148 42 77
pozytywne/1660306807.9013062.jpg 2 783 154 45 82 872 149 40 71
pozytywne/1660306807.9252443.jpg 2 785 157 49 80 881 153 36 74
pozytywne/1660306807.9501724.jpg 2 791 149 47 89 878 151 42 68
pozytywne/1660306807.9761043.jpg 2 802 149 46 75 891 154 46 68
pozytywne/1660306807.998049.jpg 2 799 147 55 85 903 147 40 79
pozytywne/1660306808.0239756.jpg 2 802 146 49 94 897 149 48 77
pozytywne/1660306808.049906.jpg 2 807 148 44 89 895 146 52 79
pozytywne/1660306808.0738423.jpg 2 784 146 62 86 890 149 44 83
pozytywne/1660306808.0997727.jpg 2 786 146 51 86 884 142 50 82
pozytywne/1660306808.1247067.jpg 2 767 143 55 87 878 140 47 90
pozytywne/1660306808.1546292.jpg 2 729 142 69 82 840 142 61 87
pozytywne/1660306808.1795585.jpg 2 719 145 59 83 828 147 53 79
pozytywne/1660306808.2034953.jpg 2 714 146 58 85 821 144 51 81
pozytywne/1660306808.2254355.jpg 2 706 147 57 82 814 147 52 81
pozytywne/1660306808.2503726.jpg 2 704 141 58 89 813 144 56 84
pozytywne/1660306808.2758238.jpg 2 710 147 58 88 817 146 56 87
pozytywne/1660306808.300752.jpg 2 720 147 51 83 826 146 56 86
pozytywne/1660306808.324695.jpg 2 728 147 54 81 832 147 53 81
pozytywne/1660306808.3536112.jpg 2 738 143 60 90 850 141 51 93
pozytywne/1660306808.379542.jpg 2 729 144 57 91 836 152 56 83
pozytywne/1660306808.4054759.jpg 2 720 151 51 79 839 152 41 82
pozytywne/1660306808.4304082.jpg 2 717 150 50 89 825 151 50 83
pozytywne/1660306808.4563358.jpg 2 710 150 58 88 821 154 56 83
pozytywne/1660306808.4852593.jpg 2 719 151 51 81 827 155 50 83
pozytywne/1660306808.5072007.jpg 2 717 150 55 88 836 155 45 87
pozytywne/1660306808.5351264.jpg 2 716 148 58 82 831 153 53 83
pozytywne/1660306808.561057.jpg 2 722 151 51 83 830 152 57 82
pozytywne/1660306808.5839953.jpg 2 735 150 53 86 849 152 52 87
pozytywne/1660306808.608929.jpg 2 740 154 55 81 863 158 54 85
pozytywne/1660306808.63486.jpg 2 748 150 57 83 862 150 55 95
pozytywne/1660306808.6613472.jpg 2 757 152 52 89 868 154 57 86
pozytywne/1660306808.6842856.jpg 2 738 151 60 88 858 158 53 86
pozytywne/1660306808.7092228.jpg 2 736 148 53 91 845 153 61 94
pozytywne/1660306808.7321627.jpg 2 719 147 65 86 837 155 56 89
pozytywne/1660306808.7548847.jpg 2 687 152 59 82 805 153 53 83
pozytywne/1660306808.7788215.jpg 2 676 148 51 95 782 157 55 86
pozytywne/1660306808.8027563.jpg 2 653 149 58 86 766 150 58 98
pozytywne/1660306808.826692.jpg 2 651 153 50 81 764 157 53 82
pozytywne/1660306808.851629.jpg 2 652 151 46 89 755 156 56 89
pozytywne/1660306808.877556.jpg 2 641 153 54 81 756 156 56 88
pozytywne/1660306808.9044828.jpg 2 659 153 52 84 761 157 58 93
pozytywne/1660306808.9294167.jpg 2 649 150 47 86 753 161 54 83
pozytywne/1660306808.9553485.jpg 2 630 155 40 79 729 154 57 91
pozytywne/1660306808.9803224.jpg 2 611 152 41 83 701 161 62 87
pozytywne/1660306809.0052133.jpg 2 587 148 50 91 685 160 60 94
pozytywne/1660306809.032142.jpg 2 572 146 46 97 680 164 48 86
pozytywne/1660306809.0600698.jpg 2 578 154 39 90 667 162 56 94
pozytywne/1660306809.083006.jpg 2 568 159 49 88 674 163 54 97
pozytywne/1660306809.1079438.jpg 2 564 159 53 86 669 162 57 95
pozytywne/1660306809.134868.jpg 2 562 156 53 91 660 166 64 92
pozytywne/1660306809.157806.jpg 2 564 154 46 99 662 167 58 101
pozytywne/1660306809.1817443.jpg 2 557 155 52 93 657 163 66 97
pozytywne/1660306809.2076788.jpg 2 557 164 44 82 648 160 69 91
pozytywne/1660306809.2316113.jpg 2 540 149 58 104 645 163 65 104
pozytywne/1660306809.2545483.jpg 2 556 154 61 94 679 160 55 106
pozytywne/1660306809.281476.jpg 2 568 149 57 97 687 160 58 102
pozytywne/1660306809.304419.jpg 2 574 155 60 99 678 168 72 94
pozytywne/1660306809.329347.jpg 2 575 154 56 95 691 160 62 107
pozytywne/1660306809.3542843.jpg 2 569 155 60 96 683 161 67 102
pozytywne/1660306809.3802102.jpg 2 577 157 56 93 696 164 56 96
pozytywne/1660306809.4051435.jpg 2 568 150 63 98 690 157 56 103
pozytywne/1660306809.4320724.jpg 2 582 154 62 101 702 157 61 111
pozytywne/1660306809.4570057.jpg 2 601 151 62 98 720 155 59 111
pozytywne/1660306809.48493.jpg 2 608 153 66 102 743 158 61 100
pozytywne/1660306809.5128577.jpg 2 656 151 65 99 778 160 60 100
pozytywne/1660306809.5387864.jpg 2 674 154 66 97 800 165 60 94
pozytywne/1660306809.5637205.jpg 2 704 153 61 96 821 164 68 93
pozytywne/1660306809.5876567.jpg 2 717 150 65 93 840 155 69 106
pozytywne/1660306809.6145842.jpg 2 716 149 73 99 844 162 63 89
pozytywne/1660306809.640515.jpg 2 703 148 69 95 823 156 64 92
pozytywne/1660306809.6654496.jpg 2 686 156 71 94 807 161 59 91
pozytywne/1660306809.6883872.jpg 2 682 155 66 98 791 155 68 94
pozytywne/1660306809.7153149.jpg 2 676 157 70 98 788 160 70 93
pozytywne/1660306809.741246.jpg 2 688 158 66 94 799 162 61 89
pozytywne/1660306809.76619.jpg 2 708 165 69 89 828 157 53 97
pozytywne/1660306809.7911117.jpg 2 724 167 69 94 831 161 58 97
pozytywne/1660306809.8170426.jpg 2 738 172 66 87 851 173 55 87
pozytywne/1660306809.8489583.jpg 2 752 171 72 98 863 180 61 88
pozytywne/1660306809.880011.jpg 2 769 184 57 87 864 185 60 86
pozytywne/1660306809.9049428.jpg 2 776 186 62 91 878 186 60 94
pozytywne/1660306809.9318712.jpg 2 785 176 62 91 886 176 55 87
pozytywne/1660306809.9568052.jpg 2 787 176 55 84 889 169 46 86
pozytywne/1660306809.9796698.jpg 2 758 156 63 89 861 150 58 97
pozytywne/1660306810.0055993.jpg 2 753 131 68 85 859 127 54 86
pozytywne/1660306810.0305345.jpg 2 762 87 57 101 853 102 64 87
pozytywne/1660306810.0534713.jpg 2 757 83 61 84 859 79 49 89
pozytywne/1660306810.0804093.jpg 2 755 30 62 102 857 37 53 101
pozytywne/1660306810.1094313.jpg 2 727 30 63 102 822 42 58 93
pozytywne/1660306810.136356.jpg 2 714 34 64 106 804 54 56 85
pozytywne/1660306810.1638277.jpg 2 686 86 60 88 773 99 49 75
pozytywne/1660306810.1857677.jpg 2 694 129 59 83 774 133 47 78
pozytywne/1660306810.213693.jpg 2 715 173 54 71 792 171 44 79
pozytywne/1660306810.236632.jpg 2 729 176 52 87 798 191 45 77
pozytywne/1660306810.2635617.jpg 2 739 179 52 91 807 193 55 79
pozytywne/1660306810.2935116.jpg 2 751 184 59 82 822 197 50 78
pozytywne/1660306810.318448.jpg 2 761 177 49 87 834 197 44 74
pozytywne/1660306810.3483655.jpg 2 757 177 58 89 829 193 49 80
pozytywne/1660306810.3732982.jpg 2 760 179 52 79 829 193 43 73
pozytywne/1660306810.4002252.jpg 2 753 172 55 84 821 185 50 83
pozytywne/1660306810.4291496.jpg 2 740 167 55 81 808 182 46 81
pozytywne/1660306810.4540846.jpg 2 739 166 46 86 796 180 48 85
pozytywne/1660306810.4824007.jpg 2 736 166 49 81 800 183 42 72
pozytywne/1660306810.5093281.jpg 2 740 165 49 92 801 186 43 74
pozytywne/1660306810.5362566.jpg 2 735 166 50 88 794 187 44 79
pozytywne/1660306810.56119.jpg 2 737 168 57 85 798 183 55 82
pozytywne/1660306810.586838.jpg 2 748 173 46 80 802 181 44 84
pozytywne/1660306810.6097753.jpg 2 736 177 46 71 787 193 48 68
pozytywne/1660306810.634709.jpg 2 735 177 44 72 789 190 37 70
pozytywne/1660306810.6626334.jpg 2 738 182 41 70 795 204 32 54
pozytywne/1660306810.6870773.jpg 2 743 184 36 63 798 197 25 62
pozytywne/1660306810.7110167.jpg 2 751 186 32 68 804 203 25 52
pozytywne/1660306810.7349494.jpg 2 750 177 37 60 810 200 20 50
pozytywne/1660306810.758886.jpg 2 751 178 40 67 808 193 28 61
pozytywne/1660306810.7878115.jpg 2 754 181 39 68 810 192 29 63
pozytywne/1660306810.810747.jpg 2 750 177 37 74 810 199 22 54
pozytywne/1660306810.834687.jpg 2 745 176 38 69 796 197 39 59
pozytywne/1660306810.8616107.jpg 2 760 179 37 67 816 198 21 56
pozytywne/1660306810.8895369.jpg 2 751 178 44 61 818 190 25 63
pozytywne/1660306810.9224477.jpg 2 761 178 37 67 820 197 31 58
pozytywne/1660306810.950374.jpg 2 769 176 37 73 825 191 29 74
pozytywne/1660306810.9723158.jpg 2 770 178 40 69 828 187 32 65
pozytywne/1660306810.9962528.jpg 2 768 172 43 79 832 183 31 68
pozytywne/1660306811.020187.jpg 2 763 172 45 65 829 187 39 66
pozytywne/1660306811.0461195.jpg 2 792 210 36 68 848 220 34 63
pozytywne/1660306811.072047.jpg 2 785 299 49 86 859 306 39 74
pozytywne/1660306811.096985.jpg 2 800 395 40 75 858 393 48 68
pozytywne/1660306811.1269002.jpg 2 795 402 35 72 859 396 46 70
pozytywne/1660306811.1528325.jpg 2 772 366 45 82 851 377 45 66
pozytywne/1660306811.1757765.jpg 2 759 366 47 74 832 363 45 68
pozytywne/1660306811.1987083.jpg 2 744 364 43 75 820 362 48 71
pozytywne/1660306811.2226458.jpg 2 731 368 50 77 813 366 44 69
pozytywne/1660306811.246582.jpg 2 713 360 45 80 792 360 42 68
pozytywne/1660306811.2735126.jpg 2 685 333 52 96 769 342 49 78
pozytywne/1660306811.2974458.jpg 2 674 333 58 86 767 337 46 75
pozytywne/1660306811.3244944.jpg 2 653 330 57 85 740 324 55 75
pozytywne/1660306811.352419.jpg 3 639 314 61 89 734 316 55 77 445 468 57 86
pozytywne/1660306811.3783498.jpg 3 640 303 54 83 733 302 52 83 444 456 58 82
pozytywne/1660306811.4032826.jpg 3 645 298 53 80 743 295 49 78 451 440 59 75
pozytywne/1660306811.430226.jpg 3 650 285 60 81 750 287 59 81 461 424 58 75
pozytywne/1660306811.4561422.jpg 3 669 275 50 84 761 278 54 75 479 411 54 69
pozytywne/1660306811.4800801.jpg 3 684 267 52 83 781 268 56 85 494 397 56 72
pozytywne/1660306811.5040133.jpg 3 680 267 48 78 772 267 62 79 500 389 53 71
pozytywne/1660306811.5299451.jpg 3 673 254 55 82 769 262 59 84 500 381 46 68
pozytywne/1660306811.5528827.jpg 3 680 251 55 87 775 256 53 73 515 378 37 64
pozytywne/1660306811.57782.jpg 3 672 251 57 78 777 259 55 81 507 369 51 70
pozytywne/1660306811.6017525.jpg 3 681 249 51 79 780 256 56 74 519 361 41 71
pozytywne/1660306811.6256878.jpg 3 697 241 46 84 794 243 50 88 535 364 35 61
pozytywne/1660306811.6526165.jpg 3 709 233 50 74 810 237 45 81 546 343 39 69
pozytywne/1660306811.6775496.jpg 3 566 339 38 68 730 231 44 71 825 229 47 84
pozytywne/1660306811.70149.jpg 3 746 220 43 76 835 225 59 81 577 328 40 69
pozytywne/1660306811.7264192.jpg 3 748 218 49 75 848 216 57 87 584 326 38 66
pozytywne/1660306811.7513528.jpg 3 742 206 56 93 845 219 56 87 587 319 34 75
pozytywne/1660306811.7752886.jpg 3 745 203 53 85 851 209 52 86 581 317 47 66
pozytywne/1660306811.8002257.jpg 3 745 200 50 81 842 200 63 80 585 308 38 71
pozytywne/1660306811.826154.jpg 3 750 183 48 80 844 183 54 89 588 293 38 61
pozytywne/1660306811.8490903.jpg 3 748 155 58 84 840 157 61 91 581 261 41 70
pozytywne/1660306811.8766086.jpg 3 748 167 48 78 850 169 48 91 587 271 38 66
pozytywne/1660306811.900544.jpg 3 745 163 45 85 835 168 52 87 578 262 44 70
pozytywne/1660306811.928471.jpg 3 730 154 52 85 831 172 47 84 572 253 42 59
pozytywne/1660306811.953403.jpg 3 736 167 37 67 826 174 46 79 576 254 39 61
pozytywne/1660306811.9749603.jpg 3 725 171 50 84 820 182 51 83 577 262 35 61
pozytywne/1660306811.997902.jpg 3 735 195 33 63 820 203 49 71 585 272 29 52
pozytywne/1660306812.0258179.jpg 3 724 199 38 67 810 215 50 74 575 280 34 60
pozytywne/1660306812.0507534.jpg 3 726 206 41 69 812 221 47 68 574 283 45 61
pozytywne/1660306812.076683.jpg 3 733 214 41 72 817 229 44 62 581 290 42 55
pozytywne/1660306812.099621.jpg 3 735 220 40 70 817 237 47 75 585 293 40 61
pozytywne/1660306812.1255562.jpg 3 736 224 45 74 821 241 51 66 590 297 41 56
pozytywne/1660306812.151483.jpg 3 744 227 42 69 830 234 40 71 590 296 47 67
pozytywne/1660306812.1744227.jpg 3 740 221 47 72 830 233 43 74 594 296 33 59
pozytywne/1660306812.1973603.jpg 3 740 218 43 73 822 224 48 72 586 295 44 59
pozytywne/1660306812.2193053.jpg 3 736 216 41 70 824 228 43 70 586 293 37 62
pozytywne/1660306812.2432384.jpg 3 728 214 40 70 812 222 47 64 580 295 37 58
pozytywne/1660306812.2691677.jpg 3 723 212 41 67 807 221 50 70 566 294 49 57
pozytywne/1660306812.2941058.jpg 3 700 209 48 74 787 224 52 68 551 301 42 61
pozytywne/1660306812.318048.jpg 3 691 207 41 71 774 216 50 72 535 301 43 55
pozytywne/1660306812.3439677.jpg 3 680 204 50 66 777 206 40 74 531 298 40 61
pozytywne/1660306812.3679087.jpg 3 673 191 45 78 759 204 48 69 525 300 35 52
pozytywne/1660306812.3928387.jpg 3 658 183 41 74 741 190 57 66 503 286 41 61
pozytywne/1660306812.4167728.jpg 3 652 180 51 65 747 177 43 70 496 281 49 60
pozytywne/1660306812.441707.jpg 3 639 153 48 85 725 158 51 72 485 272 48 64
pozytywne/1660306812.4686344.jpg 3 628 150 45 79 712 142 52 86 464 267 56 61
pozytywne/1660306812.4945743.jpg 3 613 154 54 86 705 157 50 77 460 268 42 71
pozytywne/1660306812.5214992.jpg 3 602 158 49 77 690 169 54 71 448 278 50 67
pozytywne/1660306812.5484223.jpg 3 594 174 45 78 679 177 49 75 431 286 55 66
pozytywne/1660306812.5733564.jpg 3 582 182 46 71 666 188 50 71 423 299 52 71
pozytywne/1660306812.597325.jpg 3 571 186 53 76 652 186 64 74 413 297 55 66
pozytywne/1660306812.6272097.jpg 3 571 184 49 77 647 178 61 83 408 296 59 75
pozytywne/1660306812.6551356.jpg 3 554 181 53 77 637 182 49 74 402 297 49 70
pozytywne/1660306812.6790721.jpg 3 541 177 55 82 625 186 57 73 381 293 63 74
pozytywne/1660306812.7040043.jpg 3 540 182 49 75 624 182 52 73 387 301 47 62
pozytywne/1660306812.7279408.jpg 3 529 183 49 73 614 185 47 70 369 301 52 59
pozytywne/1660306812.753872.jpg 3 507 183 50 74 586 187 51 67 345 305 51 58
pozytywne/1660306812.7778094.jpg 3 498 190 44 67 577 185 43 61 329 306 56 63
pozytywne/1660306812.8027406.jpg 3 489 188 51 67 573 177 46 75 328 302 45 66
pozytywne/1660306812.8296692.jpg 3 482 183 55 68 572 177 49 73 316 308 59 63
pozytywne/1660306812.8536048.jpg 3 487 187 45 71 564 190 52 57 321 311 55 60
pozytywne/1660306812.8795352.jpg 3 485 181 53 72 570 181 56 72 320 303 52 70
pozytywne/1660306812.905469.jpg 3 491 187 44 68 572 185 42 69 317 314 53 61
pozytywne/1660306812.9294045.jpg 3 498 185 53 67 587 188 44 65 336 311 48 64
pozytywne/1660306812.9533398.jpg 3 503 187 44 70 588 185 48 65 329 312 56 58
pozytywne/1660306812.9802704.jpg 3 505 189 52 72 599 185 48 75 333 319 45 61
pozytywne/1660306813.0032086.jpg 3 506 193 48 69 598 190 51 68 325 321 54 65
pozytywne/1660306813.0281382.jpg 3 504 191 45 76 599 197 47 69 318 332 55 67
pozytywne/1660306813.0510771.jpg 3 503 191 52 76 603 191 48 79 323 331 52 69
pozytywne/1660306813.0780525.jpg 2 514 195 55 79 625 199 48 72
pozytywne/1660306813.1019886.jpg 2 536 203 49 82 632 206 53 78
pozytywne/1660306813.1299136.jpg 3 349 357 58 77 560 206 49 87 660 200 58 90
pozytywne/1660306813.1578386.jpg 3 589 197 72 100 709 192 62 97 365 355 79 92
pozytywne/1660306813.18676.jpg 3 639 195 62 98 750 196 62 91 401 356 79 88
pozytywne/1660306813.2156844.jpg 3 676 207 62 85 788 188 70 95 443 357 64 88
pozytywne/1660306813.2466009.jpg 3 712 192 71 99 833 190 67 97 495 362 56 88
pozytywne/1660306813.27353.jpg 3 750 194 70 97 866 191 67 96 526 369 63 77
pozytywne/1660306813.3004599.jpg 3 767 187 67 108 889 194 61 97 542 360 56 95
pozytywne/1660306813.3253949.jpg 3 797 190 64 102 906 190 64 98 572 360 66 81
pozytywne/1660306813.3503268.jpg 3 589 356 61 80 806 197 58 84 916 189 49 85
pozytywne/1660306813.3762608.jpg 3 816 194 49 83 911 189 56 83 609 344 55 78
pozytywne/1660306813.4002008.jpg 3 618 335 61 78 818 183 51 89 914 188 47 81
pozytywne/1660306813.4311192.jpg 3 821 182 46 79 912 179 46 81 635 327 53 69
pozytywne/1660306813.4570546.jpg 3 645 317 43 66 818 184 47 73 906 182 45 74
pozytywne/1660306813.4839764.jpg 3 635 309 56 64 810 186 53 66 897 179 41 74
pozytywne/1660306813.5079174.jpg 3 800 175 45 75 878 177 42 66 628 301 50 63
pozytywne/1660306813.5348403.jpg 3 780 176 42 72 856 173 43 70 612 300 48 65
pozytywne/1660306813.5607715.jpg 3 603 300 42 64 761 174 40 71 843 178 36 60
pozytywne/1660306813.5865138.jpg 2 730 179 43 63 808 179 38 64
pozytywne/1660306813.6094496.jpg 2 712 178 39 65 795 171 31 65
pozytywne/1660306813.6353784.jpg 2 700 191 41 69 778 193 36 65
pozytywne/1660306813.6583185.jpg 2 688 204 41 64 770 206 34 62
pozytywne/1660306813.6812568.jpg 2 678 202 49 65 755 202 42 62
pozytywne/1660306813.7039957.jpg 2 683 203 45 65 762 207 32 57
pozytywne/1660306813.7259364.jpg 2 681 203 37 60 751 201 41 59
pozytywne/1660306813.7528622.jpg 2 679 207 41 59 757 206 36 59
pozytywne/1660306813.7797935.jpg 2 678 207 40 59 754 202 37 60
pozytywne/1660306813.8032825.jpg 2 682 204 39 63 751 203 42 54
pozytywne/1660306813.8332016.jpg 2 682 203 36 60 757 206 38 55
pozytywne/1660306813.8611271.jpg 2 677 201 43 66 757 205 33 57
pozytywne/1660306813.8850634.jpg 2 683 203 37 62 753 199 38 60
pozytywne/1660306813.909001.jpg 2 680 202 40 63 755 206 37 54
pozytywne/1660306813.9339323.jpg 2 680 206 34 57 754 207 39 51
pozytywne/1660306813.9578671.jpg 2 681 206 39 57 759 203 33 59
pozytywne/1660306813.9847958.jpg 2 676 203 45 62 758 204 38 61
pozytywne/1660306814.010727.jpg 2 682 209 40 53 756 205 36 56
pozytywne/1660306814.0376542.jpg 3 677 203 41 60 757 206 32 54 527 316 40 54
pozytywne/1660306814.0625885.jpg 3 680 204 40 61 755 205 36 57 523 317 46 61
pozytywne/1660306814.0855267.jpg 3 681 208 35 56 749 200 48 61 524 316 45 61
pozytywne/1660306814.1084645.jpg 3 678 201 39 64 751 204 43 59 523 317 47 62
pozytywne/1660306814.1353939.jpg 3 524 316 45 63 679 201 40 65 755 200 36 61
pozytywne/1660306814.1573348.jpg 3 674 198 46 66 754 207 39 55 526 318 44 61
pozytywne/1660306814.1812718.jpg 3 676 204 40 64 756 201 35 59 528 315 38 60
pozytywne/1660306814.2072015.jpg 3 678 200 41 67 755 203 38 58 527 318 42 58
pozytywne/1660306814.2291434.jpg 3 679 203 39 61 754 203 40 59 526 317 42 59
pozytywne/1660306814.2520816.jpg 3 678 203 42 65 756 201 39 61 522 317 42 60
pozytywne/1660306814.2750204.jpg 2 681 204 40 62 758 201 38 62
pozytywne/1660306814.298958.jpg 3 530 318 40 57 677 204 41 57 759 204 35 63
pozytywne/1660306814.3218935.jpg 3 523 319 45 55 680 209 37 57 756 206 37 61
pozytywne/1660306814.3438437.jpg 3 524 311 44 60 678 209 44 57 754 206 34 51
pozytywne/1660306814.3677723.jpg 3 680 207 38 64 759 201 35 63 528 320 38 59
pozytywne/1660306814.3917093.jpg 3 682 207 35 62 758 206 38 55 523 317 43 66
pozytywne/1660306814.41365.jpg 3 683 204 34 64 758 207 33 58 521 318 43 63
pozytywne/1660306814.4375873.jpg 2 679 201 41 69 758 206 36 57
pozytywne/1660306814.4605234.jpg 3 524 322 40 51 676 205 41 68 755 203 37 60
pozytywne/1660306814.4805043.jpg 3 677 203 45 63 760 206 34 60 528 320 40 56
pozytywne/1660306814.5014138.jpg 3 679 204 35 63 756 206 38 58 522 318 47 57
pozytywne/1660306814.5234003.jpg 3 679 204 41 63 754 202 39 58 526 316 39 58
pozytywne/1660306814.5472972.jpg 3 679 203 36 65 757 208 33 53 524 318 44 60
pozytywne/1660306814.5702348.jpg 3 680 201 37 65 753 201 43 66 522 322 50 52
pozytywne/1670088490.7742326.jpg 2 711 427 48 69 806 424 53 74
pozytywne/1670088490.9588141.jpg 2 713 421 45 72 806 431 46 68
pozytywne/1670088491.1364188.jpg 2 712 416 48 80 803 435 54 65
pozytywne/1670088497.1829395.jpg 2 704 424 54 68 810 428 49 70
pozytywne/1670088497.3292215.jpg 2 709 423 49 69 810 430 49 72
pozytywne/1670088497.5074975.jpg 2 709 422 48 74 812 425 52 83
pozytywne/1670088497.6733701.jpg 2 701 426 59 67 807 432 52 69
pozytywne/1670088497.8399508.jpg 2 706 422 56 73 814 431 47 73
pozytywne/1670088498.0096586.jpg 2 705 412 51 86 812 422 45 85
pozytywne/1670088498.1539078.jpg 2 703 420 57 77 808 432 49 72
pozytywne/1670088498.3157458.jpg 2 707 421 49 78 811 434 47 69
pozytywne/1670088498.4985254.jpg 2 704 424 53 70 805 434 51 71
pozytywne/1670088498.6765182.jpg 2 704 421 53 74 808 430 50 72
pozytywne/1670088498.844092.jpg 2 708 418 49 81 809 431 49 68
pozytywne/1670088499.0032144.jpg 2 704 423 53 67 814 430 48 74
pozytywne/1670088499.19434.jpg 2 710 424 48 65 807 431 51 72
pozytywne/1670088499.3749425.jpg 2 706 424 49 74 809 438 47 62
pozytywne/1670088499.6113198.jpg 2 707 422 47 70 808 435 50 67
pozytywne/1670088502.456814.jpg 2 560 373 47 75 651 391 48 75
pozytywne/1670088502.609406.jpg 2 563 376 44 67 654 389 43 78
pozytywne/1670088502.7540207.jpg 2 564 374 47 69 652 390 45 71
pozytywne/1670088502.9036698.jpg 2 565 375 42 69 655 389 41 76
pozytywne/1670088505.7784345.jpg 2 495 336 30 73 548 373 21 72
pozytywne/1670088505.945443.jpg 2 500 337 20 70 547 373 26 72
pozytywne/1670088506.0963752.jpg 2 497 340 28 67 549 376 22 69
pozytywne/1670088506.2332027.jpg 2 495 338 33 73 547 377 26 73
pozytywne/1670088507.5989451.jpg 2 513 328 20 65 547 367 10 69
pozytywne/1670088507.7654977.jpg 2 509 332 17 45 539 373 25 58
pozytywne/1670088507.9047914.jpg 0
pozytywne/1670088508.0553875.jpg 0
pozytywne/1670088510.2780278.jpg 0
pozytywne/1670088510.4222188.jpg 0
pozytywne/1670088510.576811.jpg 0
pozytywne/1670088510.7274327.jpg 0
pozytywne/1670088510.8674846.jpg 0
pozytywne/1670088514.591189.jpg 2 651 435 48 73 730 403 43 63
pozytywne/1670088514.7487054.jpg 2 651 438 53 66 734 396 42 64
pozytywne/1670088514.9163303.jpg 2 651 436 48 69 735 402 39 62
pozytywne/1670088773.4912322.jpg 2 474 489 57 90 588 501 52 87
pozytywne/1670088773.6418839.jpg 2 472 493 61 94 589 498 53 88
pozytywne/1670088773.7894876.jpg 2 474 493 55 85 582 503 60 83
pozytywne/1670088773.9113078.jpg 2 470 492 65 88 580 502 67 87
pozytywne/1670088779.0375242.jpg 2 458 443 39 81 529 468 46 84
pozytywne/1670088779.163186.jpg 2 456 447 40 72 525 477 50 77
pozytywne/1670088779.3056104.jpg 2 447 438 50 83 526 470 46 87
pozytywne/1670088781.8751082.jpg 0
pozytywne/1670088782.0027668.jpg 2 486 418 16 66 514 451 20 79
pozytywne/1670088782.1452549.jpg 0
pozytywne/1670088784.2194653.jpg 2 578 343 45 60 654 335 47 59
pozytywne/1670088784.397354.jpg 2 570 343 54 60 661 335 41 60
pozytywne/1670088784.549228.jpg 1 661 339 40 54
pozytywne/1670088784.6982205.jpg 1 662 333 37 58
pozytywne/1670089509.4522645.jpg 4 321 189 72 102 450 361 72 98 578 362 66 98 692 367 67 83
pozytywne/1670089509.6036608.jpg 4 503 188 67 101 629 367 61 90 746 370 60 86 861 372 56 79
pozytywne/1670089509.7473395.jpg 4 532 220 60 94 655 392 57 89 765 390 57 83 876 386 56 84
pozytywne/1670089509.8882656.jpg 4 517 222 73 98 650 392 59 86 765 389 51 83 872 383 53 82
pozytywne/1670089510.0302093.jpg 4 573 224 55 99 686 390 58 84 802 384 49 85 913 383 43 80
pozytywne/1670089510.1788404.jpg 3 580 221 64 96 704 393 58 83 815 385 53 81
pozytywne/1670089510.3250608.jpg 4 766 388 52 86 646 225 61 92 875 386 52 78 967 377 54 85
pozytywne/1670089510.4586828.jpg 4 664 225 58 98 783 393 46 87 877 387 44 78 973 377 44 81
pozytywne/1670089510.6025062.jpg 4 637 224 64 98 750 391 53 81 848 384 46 74 939 372 45 76
pozytywne/1670089510.7420905.jpg 4 745 227 54 90 843 388 47 81 934 379 41 72 1013 372 36 70
pozytywne/1670089510.8841536.jpg 4 763 212 64 105 861 375 44 70 943 364 31 65 1012 348 26 77
pozytywne/1670089511.0153158.jpg 4 782 218 47 88 869 375 41 77 943 361 37 69 1013 354 34 62
pozytywne/1670089511.1477163.jpg 4 777 218 53 93 866 367 41 73 941 355 35 70 1008 344 36 66
pozytywne/1670089511.2809324.jpg 4 769 210 41 74 845 337 36 68 916 333 36 62 977 322 30 64
pozytywne/1670089511.4049299.jpg 4 766 207 41 75 843 335 42 63 916 330 32 60 985 329 30 56
pozytywne/1670089511.5339167.jpg 4 719 210 58 77 811 332 47 74 892 337 38 63 970 331 26 60
pozytywne/1670089511.6738124.jpg 4 701 219 47 75 779 343 41 65 861 339 46 69 942 339 44 68
pozytywne/1670089511.8101668.jpg 4 688 217 49 76 773 341 47 70 863 343 40 62 946 341 38 69
pozytywne/1670089511.9316566.jpg 1 650 218 48 73
pozytywne/1670089512.0651014.jpg 2 799 338 45 75 891 344 53 72
pozytywne/1670089512.2062645.jpg 3 826 337 53 90 926 353 58 76 1034 350 55 92
pozytywne/1670089512.349472.jpg 4 789 204 53 84 875 347 54 80 985 364 49 78 1094 369 77 101
pozytywne/1670089512.491971.jpg 4 709 209 53 80 794 354 52 81 896 364 57 93 1011 382 66 95
pozytywne/1670089512.6319685.jpg 4 687 281 47 82 767 428 51 85 872 440 57 94 986 456 79 109
pozytywne/1670089512.7768872.jpg 4 760 183 48 73 846 315 56 85 960 310 67 98 1109 300 87 110
pozytywne/1670089512.908973.jpg 4 731 154 44 58 809 272 49 79 915 254 63 88 1052 232 92 109
pozytywne/1670089513.0539424.jpg 4 715 163 39 66 790 280 46 82 890 265 61 99 1020 247 77 98
pozytywne/1670089513.1934404.jpg 3 688 177 37 65 748 292 49 85 839 271 68 98
pozytywne/1670089513.3293436.jpg 4 642 180 37 66 700 300 40 81 784 279 51 91 898 248 64 110
pozytywne/1670089513.4674878.jpg 4 606 183 32 64 648 294 36 83 726 271 43 98 825 253 59 102
pozytywne/1670089513.5984225.jpg 3 565 184 29 56 675 273 45 97 771 254 60 110
pozytywne/1670089513.7354753.jpg 3 736 251 55 108 649 266 32 102 549 165 21 65
pozytywne/1670089513.85827.jpg 4 541 264 33 80 590 417 28 84 663 420 41 101 750 434 52 127
pozytywne/1670089513.9904873.jpg 4 512 347 38 82 571 511 40 86 645 529 51 104 744 558 61 121
pozytywne/1670089514.1296978.jpg 4 511 306 32 84 577 468 41 90 664 488 47 92 772 504 56 106
pozytywne/1670089514.2763057.jpg 4 494 293 48 81 579 448 51 94 679 470 52 93 786 483 70 108
pozytywne/1670089514.4076827.jpg 3 461 310 53 84 550 459 54 89 659 476 58 86
pozytywne/1670089514.5378194.jpg 3 421 499 64 92 533 502 61 94 650 505 56 89
pozytywne/1670089514.6778493.jpg 4 355 347 57 92 462 514 63 86 581 508 55 89 694 504 55 92
pozytywne/1670089514.8275256.jpg 4 278 353 68 99 405 517 61 84 523 511 67 84 640 500 50 93
pozytywne/1670089514.9653673.jpg 4 398 348 69 90 526 509 65 83 639 499 58 90 737 494 68 84
pozytywne/1670089515.1028125.jpg 3 442 344 70 90 573 511 60 84 682 497 53 86
pozytywne/1670089515.2456203.jpg 3 541 339 62 91 654 500 60 83 752 479 50 94
pozytywne/1670089515.3909175.jpg 2 557 333 58 96 674 490 50 77
pozytywne/1670089515.526077.jpg 3 776 455 35 83 834 439 29 72 883 420 30 73
pozytywne/1670089515.6683502.jpg 3 768 291 39 85 840 432 28 72 891 412 18 71
pozytywne/1670089515.8009233.jpg 3 784 249 28 70 833 370 28 59 877 356 26 59
pozytywne/1670089515.9446588.jpg 3 793 233 33 78 845 349 27 57 886 339 18 58
pozytywne/1670089516.077901.jpg 4 793 320 30 60 841 409 20 58 877 390 24 57 919 385 15 46
pozytywne/1670089516.2065713.jpg 2 787 342 31 61 837 430 22 48
pozytywne/1670089516.3472707.jpg 0
pozytywne/1670089516.4906518.jpg 0
pozytywne/1670089516.6256425.jpg 0
pozytywne/1670089516.7523053.jpg 4 736 166 42 86 815 306 37 66 883 292 34 70 951 283 27 63
pozytywne/1670089516.8819568.jpg 4 672 155 58 101 775 324 53 76 872 315 44 67 949 298 36 77
pozytywne/1670089517.0205855.jpg 4 639 139 71 117 771 334 66 94 897 330 55 86 1004 316 56 94
pozytywne/1670089517.156224.jpg 4 558 103 86 128 707 317 72 102 838 314 72 101 975 313 66 103
pozytywne/1670089517.2928586.jpg 4 375 79 99 127 543 290 77 105 685 297 66 106 816 296 75 112
pozytywne/1670089517.4334824.jpg 4 265 66 86 117 414 267 73 104 537 281 72 106 667 290 71 113
pozytywne/1670089517.5741758.jpg 3 240 47 59 107 352 245 62 93 447 257 64 108
pozytywne/1670089517.715487.jpg 0
pozytywne/1670089517.8568304.jpg 0
pozytywne/1670089517.9944897.jpg 0
pozytywne/1670089518.1219978.jpg 0
pozytywne/1670089518.2492006.jpg 0
pozytywne/1670089518.3765614.jpg 0
pozytywne/1670089518.5161877.jpg 0
pozytywne/1670089518.6579223.jpg 1 324 551 67 98
pozytywne/1670089518.803161.jpg 4 356 477 88 151 532 519 112 164 6 166 91 144 199 442 91 141
pozytywne/1670089518.9480484.jpg 4 252 221 95 149 439 498 95 130 623 511 98 147 833 546 96 148
pozytywne/1670089519.081755.jpg 0
pozytywne/1670089519.2223787.jpg 0
pozytywne/1670089519.3660474.jpg 4 718 386 67 94 835 540 57 73 949 529 66 77 1068 518 55 81
pozytywne/1670089519.5029929.jpg 4 814 323 57 85 910 458 50 72 1024 448 38 67 1126 443 34 66
pozytywne/1670089519.6504142.jpg 4 878 172 57 108 952 337 58 84 1057 319 47 88 1155 308 41 75
pozytywne/1670089519.7876577.jpg 4 979 17 50 108 1033 209 46 81 1124 198 44 77 1221 185 22 84
pozytywne/1670089519.9299538.jpg 0
pozytywne/1670089520.0650506.jpg 4 887 16 61 124 965 209 38 82 1041 191 46 88 1122 187 36 77
pozytywne/1670089520.1981642.jpg 4 825 25 59 123 911 212 50 91 998 198 45 87 1081 180 43 94
pozytywne/1670089520.329652.jpg 4 742 30 73 137 839 231 69 99 943 218 50 99 1035 198 49 101
pozytywne/1670089520.4700608.jpg 4 549 44 93 127 679 230 71 96 797 223 58 90 895 214 58 90
pozytywne/1670089520.6102083.jpg 4 485 50 91 129 629 239 70 96 743 226 66 102 849 225 62 94
pozytywne/1670089520.7457397.jpg 4 443 46 94 137 587 241 76 94 709 230 65 104 813 235 68 94
pozytywne/1670089520.8698795.jpg 4 452 50 92 127 594 238 71 95 708 240 69 93 826 228 64 105
pozytywne/1670089520.9969528.jpg 4 306 54 101 117 471 238 78 100 591 235 67 98 705 235 66 90
pozytywne/1670089521.143243.jpg 4 242 49 91 120 412 241 69 91 526 238 65 88 638 235 65 92
pozytywne/1670089521.279479.jpg 4 118 56 102 119 298 241 75 90 413 237 74 93 526 236 68 90
pozytywne/1670089521.417338.jpg 3 187 237 87 94 314 238 71 93 421 236 75 93
pozytywne/1670089521.5395606.jpg 3 170 293 83 92 285 296 76 82 408 285 65 93
pozytywne/1670089521.6724877.jpg 3 140 421 73 85 256 419 79 94 381 417 68 94
pozytywne/1670089521.8100293.jpg 4 72 270 83 98 220 435 73 86 339 431 66 95 450 437 66 82
pozytywne/1670089521.9509654.jpg 4 167 306 78 95 293 466 67 94 412 467 67 96 528 469 62 91
pozytywne/1670089522.086054.jpg 4 233 339 64 97 346 499 67 97 463 500 70 100 575 502 64 98
pozytywne/1670089522.2370203.jpg 3 410 381 70 94 526 541 60 95 636 545 68 99
pozytywne/1670089522.3638463.jpg 3 455 395 70 101 564 556 69 98 678 561 77 101
pozytywne/1670089522.5025783.jpg 4 525 413 71 96 637 575 74 104 760 578 74 98 881 586 70 95
pozytywne/1670089522.6498654.jpg 4 573 410 68 101 686 579 72 107 812 585 68 98 933 586 66 102
pozytywne/1670089522.7893944.jpg 4 584 428 66 96 698 593 71 101 824 605 66 95 951 607 68 104
pozytywne/1670089522.9264412.jpg 4 697 436 70 91 828 599 59 100 945 598 69 103 1071 606 68 99
pozytywne/1670089523.0579233.jpg 4 748 428 67 97 860 596 76 105 982 601 69 97 1095 597 76 99
pozytywne/1670089523.182716.jpg 4 826 422 62 97 944 591 66 92 1049 583 69 94 1156 585 58 85
pozytywne/1670089523.3179085.jpg 3 906 418 71 101 1036 594 57 96 1132 579 66 102
pozytywne/1670089523.4494102.jpg 4 846 432 69 101 958 602 64 96 1049 593 59 83 1130 577 47 88
pozytywne/1670089523.5870469.jpg 2 907 405 50 90 996 558 49 88
pozytywne/1670089523.716012.jpg 0
pozytywne/1670089523.8589983.jpg 0
pozytywne/1670089523.9939237.jpg 0
pozytywne/1670089524.1214924.jpg 0
pozytywne/1670089524.244193.jpg 0
pozytywne/1670089524.379324.jpg 0
pozytywne/1670089524.512278.jpg 0
pozytywne/1670089524.6375508.jpg 0
pozytywne/1670089524.7690413.jpg 0
pozytywne/1670089524.9041953.jpg 0
pozytywne/1670089525.030389.jpg 0
pozytywne/1670089525.1665978.jpg 0
pozytywne/1670089525.2950466.jpg 0
pozytywne/1670089525.4247186.jpg 0
pozytywne/1670089525.5599475.jpg 0
pozytywne/1670089525.6836243.jpg 0
pozytywne/1670089525.8082838.jpg 3 625 449 42 70 701 575 38 71 758 557 29 71
